feature_extract_enable : 0
point_filter_num : 1
max_iteration : 10
dense_map_enable : 1
filter_size_surf : 0.15
filter_size_map : 0.3
cube_side_length : 20
grid_size : 20  # 40
patch_size : 4   # 8
img_enable : 0
lidar_enable : 1
outlier_threshold : 300 # 78 100 156
ncc_en: false
ncc_thre: 0
img_point_cov : 100 # 1000
laser_point_cov : 0.001 # 0.001
delta_time: 0.0
gnss:
    # path: "/home/zxq/sda8/mini_24-07-02/gnss_result_100C.ffp"   # 如果不设置该值就默认从ros包中获取gnss数据
    gnss_en: 0           # 是否使用gnss观测


common:
    lid_topic:  "/cmu_sp1/velodyne_packets"
    imu_topic:  "/cmu_sp1/imu/data"

preprocess:
    lidar_type: 2 # 1:Livox Avia LiDAR  2:VELO16  3:OUST64  4:XT32 
    scan_line: 16 # 16  64  32
    blind: 1 # blind x m disable
    fov: 360  # 视场角
    scan_rang: 1800 # 水平点数
    fov_min: -15
    fov_max: 15

mapping:
    acc_cov_scale: 100
    gyr_cov_scale: 10000
    # imu to lidar
    extrinsic_T: [0.080000000,0.029000000,0.030000000] # horizon 0.05512, 0.02226, -0.0297
    extrinsic_R: [ 0.999945562, 0.009074807,  0.005149763,
                -0.009060897, 0.999955255, -0.002718066,
                -0.005174199, 0.002671256,  0.999983046]

pcd_save:
    pcd_save_en: true

camera:
    img_topic: /cmu_sp1/camera_1/image_raw
    # imu to camera
    # Rcl: [0.00162756,-0.999991,0.00390957,
    #      -0.0126748,-0.00392989,-0.999912,
    #       0.999918,0.00157786,-0.012681]
    # Pcl: [0.0409257, 0.0318424, -0.0927219]
    # body to image
    extrinsic_T: [ 0.17409098, 0.04962189, -0.02152957]
    extrinsic_R: [0.00373945,  0.00244390, 0.99999002,
                -0.99989234, -0.01418010, 0.00377374,
                0.01418918, -0.99989647, 0.00239061]