feature_extract_enable : 0
point_filter_num : 1
max_iteration : 10
dense_map_enable : 1
filter_size_surf : 0.15
filter_size_map : 0.3
cube_side_length : 20
grid_size : 20  # 40
patch_size : 4   # 8
img_enable : 1 #1
lidar_enable : 1
outlier_threshold : 300 # 78 100 156
ncc_en: false
ncc_thre: 0
img_point_cov : 100 # 1000
laser_point_cov : 0.001 # 0.001
delta_time: 0.0         # camera与lidar时偏 =lidar时间 - camera时间
ivox_nearby_type: 26
gnss:
    gnss_en: 0           # 是否使用gnss观测
    extrinsic: [0, 0.86, -0.31]  # 杆臂

common:
    lid_topic:  "/velodyne_points"
    imu_topic:  "/imu/data"
    gnss_topic: "/navsat/fix"

preprocess:
    lidar_type: 2 # 1:Livox Avia LiDAR  2:VELO16  3:OUST64  4:XT32 
    scan_line: 32 # 16  64  32
    blind: 4 # blind x m disable
    fov: 360  # 视场角
    scan_rang: 3600 # 水平点数
    fov_min: -30
    fov_max: 10

mapping:
    acc_cov_scale: 100    # imu方差
    gyr_cov_scale: 10000
    # imu to lidar
    extrinsic_T: [0,0,-0.28] # horizon 0.05512, 0.02226, -0.0297
    extrinsic_R: [ 1, 0, 0,
                   0, 1, 0,
                   0, 0, 1]

gnss:
    extrinsic: [0,0,0]

pcd_save:
    pcd_save_en: true

camera:
    img_topic: /zed2/camera/left/image_raw
    Rcl: [0.998852,  -0.0478642,  0.00173618,
         0.00135912, -0.00790913,   -0.999968,
          0.0478764,    0.998823,   -0.007835]
    Pcl: [-0.121309, 2.72499, 0.678238]

    # Pic: [-8.4994249456545504e-02, 6.6169337079143220e-01, -3.0104266183335913e+00]
    # Ric: [9.9885234402635936e-01, 1.3591158885981787e-03, 4.7876378696062108e-02, 
    #              -4.7864188349269129e-02, -7.9091258538426246e-03, 9.9882253939420773e-01, 
    #             1.7361758877140372e-03, -9.9996779874765440e-01,-7.8349959194297103e-03]